x <- 1: 100
y <- 101:200